<DOCTYPE html>
<html lang="en">
<head>
  <meta charset="UTF-8" />
  <meta name="viewport" content="width=device-width, initial-scale=1.0" />
  <title>Correlation Matrix</title>
  <script src="https://cdn.plot.ly/plotly-latest.min.js"></script>
  <style>
    body {
      font-family: Arial, sans-serif;
      padding: 20px;
    }
    h2 {
      text-align: center;
    }
    #controls {
      text-align: center;
      margin-bottom: 20px;
    }
    #heatmap {
      max-width: 900px;
      margin: auto;
    }
  </style>
</head>
<body>
  <h2>Correlation Matrix</h2>
  <div id="controls">
    <label for="yearSelect">Select Year:</label>
    <select id="yearSelect"></select>
  </div>
  <div id="heatmap"></div>

  <script>
    const data = {"columns": ["Sebaran", "Sembuh", "Kematian", "Jml_tenaga_keperawatan", "Jml_Rumah_Sakit", "Jml_Nakes", "Jml_penduduk", "Jml_penduduk_bekerja", "Jml_perilaku_hidup_sehat"], "years": [2020, 2021, 2022, 2023], "correlations": {"2020": [[1.0, 0.93, 0.72, 0.69, 0.56, 0.68, 0.91, 0.9, 0.49], [0.93, 1.0, 0.68, 0.72, 0.51, 0.69, 0.87, 0.84, 0.43], [0.72, 0.68, 1.0, 0.58, 0.41, 0.71, 0.68, 0.67, 0.15], [0.69, 0.72, 0.58, 1.0, 0.82, 0.58, 0.58, 0.62, 0.21], [0.56, 0.51, 0.41, 0.82, 1.0, 0.42, 0.49, 0.6, 0.34], [0.68, 0.69, 0.71, 0.58, 0.42, 1.0, 0.78, 0.74, 0.28], [0.91, 0.87, 0.68, 0.58, 0.49, 0.78, 1.0, 0.98, 0.65], [0.9, 0.84, 0.67, 0.62, 0.6, 0.74, 0.98, 1.0, 0.67], [0.49, 0.43, 0.15, 0.21, 0.34, 0.28, 0.65, 0.67, 1.0]], "2021": [[1.0, 0.9, 0.82, 0.64, 0.5, 0.82, 0.92, 0.89, 0.64], [0.9, 1.0, 0.69, 0.48, 0.35, 0.66, 0.81, 0.76, 0.57], [0.82, 0.69, 1.0, 0.72, 0.44, 0.82, 0.73, 0.69, 0.35], [0.64, 0.48, 0.72, 1.0, 0.82, 0.74, 0.52, 0.56, 0.14], [0.5, 0.35, 0.44, 0.82, 1.0, 0.5, 0.48, 0.59, 0.26], [0.82, 0.66, 0.82, 0.74, 0.5, 1.0, 0.81, 0.8, 0.39], [0.92, 0.81, 0.73, 0.52, 0.48, 0.81, 1.0, 0.98, 0.76], [0.89, 0.76, 0.69, 0.56, 0.59, 0.8, 0.98, 1.0, 0.75], [0.64, 0.57, 0.35, 0.14, 0.26, 0.39, 0.76, 0.75, 1.0]], "2022": [[1.0, 0.93, 0.82, 0.71, 0.56, 0.78, 0.9, 0.89, 0.53], [0.93, 1.0, 0.73, 0.61, 0.47, 0.7, 0.85, 0.83, 0.51], [0.82, 0.73, 1.0, 0.79, 0.58, 0.81, 0.67, 0.68, 0.28], [0.71, 0.61, 0.79, 1.0, 0.89, 0.79, 0.61, 0.69, 0.21], [0.56, 0.47, 0.58, 0.89, 1.0, 0.61, 0.51, 0.62, 0.24], [0.78, 0.7, 0.81, 0.79, 0.61, 1.0, 0.79, 0.81, 0.43], [0.9, 0.85, 0.67, 0.61, 0.51, 0.79, 1.0, 0.98, 0.73], [0.89, 0.83, 0.68, 0.69, 0.62, 0.81, 0.98, 1.0, 0.7], [0.53, 0.51, 0.28, 0.21, 0.24, 0.43, 0.73, 0.7, 1.0]], "2023": [[1.0, 0.93, 0.86, -0.2, 0.61, 0.72, 0.9, 0.88, 0.52], [0.93, 1.0, 0.82, -0.23, 0.53, 0.7, 0.87, 0.85, 0.54], [0.86, 0.82, 1.0, -0.07, 0.54, 0.8, 0.78, 0.76, 0.37], [-0.2, -0.23, -0.07, 1.0, 0.23, -0.09, -0.48, -0.49, -0.58], [0.61, 0.53, 0.54, 0.23, 1.0, 0.65, 0.53, 0.51, 0.31], [0.72, 0.7, 0.8, -0.09, 0.65, 1.0, 0.72, 0.71, 0.29], [0.9, 0.87, 0.78, -0.48, 0.53, 0.72, 1.0, 1.0, 0.74], [0.88, 0.85, 0.76, -0.49, 0.51, 0.71, 1.0, 1.0, 0.75], [0.52, 0.54, 0.37, -0.58, 0.31, 0.29, 0.74, 0.75, 1.0]]}};

    const yearSelect = document.getElementById('yearSelect');
    data.years.forEach(year => {
      const option = document.createElement('option');
      option.value = year;
      option.textContent = year;
      yearSelect.appendChild(option);
    });

    function getTextColor(value) {
      return Math.abs(value) > 0.7 ? 'white' : 'black';
    }

    function plotHeatmap(year) {
      const z = data.correlations[year];
      const annotations = [];
      for (let i = 0; i < data.columns.length; i++) {
        for (let j = 0; j < data.columns.length; j++) {
          annotations.push({
            x: data.columns[j],
            y: data.columns[i],
            text: String(z[i][j]),
            font: {
              color: getTextColor(z[i][j]),
              size: 12
            },
            showarrow: false
          });
        }
      }

      const layout = {
        title: `Correlation Matrix for Year $2023.0`,
        annotations: annotations,
        xaxis: {
          ticks: '',
          side: 'top'
        },
        yaxis: {
          ticks: '',
          autorange: 'reversed'
        },
        margin: { l: 100, r: 0, b: 100, t: 100 },
        height: 600
      };

      const trace = {
        z: z,
        x: data.columns,
        y: data.columns,
        type: 'heatmap',
        colorscale: [
          [0.0, 'grey'],
          [0.5, 'cyan'],
          [1.0, 'green']
        ],
        zmin: -1,
        zmax: 1,
        showscale: true
      };

      Plotly.newPlot('heatmap', [trace], layout);
    }

    yearSelect.addEventListener('change', (e) => {
      plotHeatmap(e.target.value);
    });

    // Initial render
    plotHeatmap(data.years[0]);
  </script>
</body>
</html>
